1110
1060
1266
1276
1238
1144
1232
1212
1385
1322
1190
1074
1065
1045
1219
1341
1020
1242
1342
1296
1225
1316
1176
1388
1398
1150
1047
1290
1132
1187
1142
1098
1202
1302
1169
1330
1220
1326
1113
1381
1161
1131
1235
1386
1084
1101
1126
1093
1218
1204
1362
1248
1328
1267
1054
1067
1196
1377
1180
1391
1270
1339
1383
1319
1058
1056
1384
1139
1352
1378
1277
1172
1097
1026
1036
1104
1157
1046
1356
1192
1165
1127
1387
1154
1063
1348
1092
1293
1262
1160
1099
1079
1379
1070
1109
1014
1373
1007
1298
1037
1396
1289
1044
1130
1320
1228
1246
1138
1173
1018
1300
1280
1052
1357
1334
1107
1222
1168
1255
1354
1263
1241
1182
1147
1390
1082
1367
1088
1258
1382
1250
1268
1349
1333
1030
1240
1148
1095
1251
1294
1281
1023
1278
1089
1370
1029
1120
1284
1166
1217
1269
1237
1304
1181
1053
1096
1399
1198
1234
1034
1331
1115
1162
1283
1151
1299
1171
1024
1359
1071
1221
1311
1122
1050
1206
1353
1365
1105
1015
1017
1125
1136
1186
1075
1155
1077
1062
1343
1049
1347
1002
1083
1146
1033
1314
1134
1057
1102
1197
1201
1140
1336
1306
1012
1031
1013
1042
1243
1239
1091
1301
1111
1363
1335
1257
1216
1308
1048
1153
1124
1087
1199
1108
1068
1114
1213
1035
1355
1273
1004
1185
1022
1116
1195
1310
1325
1066
1286
1191
1230
1389
1297
1094
1282
1393
1072
1227
1272
1156
1059
1086
1295
1177
1069
1252
1038
1315
1163
1032
1394
1274
1329
1236
1307
1064
1178
1360
1247
1205
1375
1256
1287
1223
1027
1128
1312
1208
1327
1215
1279
1194
1106
1090
1338
1374
1073
1285
1321
1400
1179
1016
1369
1337
1039
1265
1291
1117
1010
1210
1143
1323
1170
1351
1123
1121
1264
1009
1040
1200
1313
1078
1167
1364
1019
1158
1345
1133
1288
1081
1141
1055
1361
1051
1346
1260
1189
1005
1119
1118
1211
1224
1244
1350
1152
1137
1371
1303
1043
1229
1324
1254
1372
1207
1259
1006
1253
1344
1103
1380
1041
1021
1214
1129
1011
1332
1025
1174
1233
1309
1305
1100
1080
1203
1085
1112
1249
1183
1340
1397
1028
1076
1368
1245
1261
1366
1358
1395
1159
1318
1164
1188
1003
1135
1184
1231
1209
1271
1292
1061
1175
1145
1149
1008
1226
1193
1275
1376
1317
1392
1001
